url_path,views_total,views_unique
/mcmarius/pbd/blob/master/laboratoare.md,200,38
/mcmarius/pbd/blob/master/rezumat.md,141,32
/mcmarius/pbd,46,23
/mcmarius/pbd/blob/master/diverse.md,30,14
/mcmarius/pbd/blob/master/README.md,29,11
/mcmarius/pbd/tree/master/scripts/hr,14,5
/mcmarius/pbd/tree/master,11,7
/mcmarius/pbd/blob/0e4a5a179089efa0980728c52a123f641c678b81/diverse.md,8,1
/mcmarius/pbd/blob/0e4a5a179089efa0980728c52a123f641c678b81/laboratoare.md,8,1
/mcmarius/pbd/blob/master/scripts/hr/oracle_hr_create1.sql,6,3
