referrer,views_total,views_unique
github.com,17,5
Google,2,1
